0
7
2
1
4
7
5
4
6
3
1
A
0
3
1
2
1
A
0
3
5
3
11
4
7
21
A
0
15
1
2
3
4
5
6
7
9
9
77
66
45
22
9
7
2
A
0
7
5
1
2
2
2
2
2
3
3
2
6
8
8
9
8
A
0
16
4
2
2
3
5
6
6
7
8
9
1
11
24
24
24
25
28
31
30
20
10
4
A
0
10
1
2
5
6
4
2
1
3
5
7
9
6
4
3
1
A
0
10
1
2
5
6
1
4
3
2
5
7
9
6
4
3
1
A
0
11
100
103
110
115
109
102
1
3
5
7
9
10
6
4
3
1
A
0
11
100
103
110
1
115
3
109
5
102
7
9
10
6
4
3
1
A
0
0
1
2
3
4
5
6
7
8
9
10
A
0
0
10
9
8
7
6
5
4
3
2
1
A
0
0
5
5
5
5
5
5
A
0
0
5
4
3
4
5
A
0
6
7
5
3
1
2
4
6
2
1
A
0
20
2
11
345
432
67
55
43
9
6
4
2
3
6
8
9
23
546
332
456
78
65
43
21
11
30
40
50
34
32
12
4
5
6
9
7
6
5
4
234
A
0
18
2
4
6
8
10
12
14
16
18
17
15
13
11
9
7
5
3
1
A
0
15
100
99
98
23
675
3
5
44
242
54
22
65
1
1
34
34
34
17
17
18
5
4
3
2
789
786
765
654
543
432
6
4
2
1
3
5
7
9
1
A
0
17
1
2
3
4
5
4
3
2
1
2
4
6
8
10
8
6
4
2
1
23
24
25
26
27
1
2
3
4
5
4
3
2
A
0
13
1
11
2
11
3
11
4
11
5
11
6
11
7
11
8
11
9
8
2
1
A
0
0
1
1
1
1
1
1
1
1
1
1
A
0
14
1
2
3
4
5
6
7
8
9
10
11
12
13
1
2
3
4
5
6
7
8
9
10
11
12
13
14
A
0
0
100
99
98
97
96
95
94
93
92
91
90
100
101
102
103
104
105
106
107
108
109
110
A
0
17
1
2
1
2
3
4
5
4
3
2
1
2
3
4
5
6
7
8
9
8
7
6
5
4
3
2
1
A
0
16
1
100
2
101
3
102
4
103
5
104
6
105
7
106
8
107
7
106
6
105
5
104
4
103
3
102
2
101
1
100
A
0
17
1
100
2
101
3
102
4
103
5
104
6
105
7
106
8
107
7
106
6
105
5
104
4
103
3
102
2
101
1
100
99
A
0
0
1
11
111
1111
11111
111111
A
0
11
1
11
111
1111
11111
111111
11111
1111
111
11
1
A
0
14
1
2
11
2
111
3
1111
4
5
11111
6
7
111111
6
11111
5
1111
4
111
3
11
2
1
A
0
8
1
2
3
4
5
6
1
2
3
4
5
6
7
1
2
3
4
5
6
7
8
9
A
0
4
1
10
1
1
20
1
1
A